NORDERS=1
GUESSDISP_00 = -129.80699 1.3081466 -0.0055146227 1.2644004e-05 -1.7037327e-08 1.3533448e-11 -5.8834064e-15 1.0820430e-18
HOMEORDER=1
DISPDEG=0
ORDERDEG=0
RES_FACTOR=200
XCOR_ORDERS=1
